10000001
10000002
10000003
10000004
10000005
10000006
10000007
10000008
10000009
1000001
10000010
10000011
10000012
10000013
10000014
10000015
10000016
10000017
10000018
10000019
1000002
10000020
10000021
10000022
10000023
10000024
10000025
10000026
10000027
10000028
10000029
1000003
10000030
10000031
10000032
10000033
10000034
10000035
10000036
10000037
10000038
10000039
1000004
10000040
10000041
10000042
10000043
10000044
10000045
10000046
10000047
10000048
10000049
1000005
10000050
10000051
10000052
10000053
10000054
10000055
10000056
10000057
10000058
10000059
1000006
10000060
10000061
10000062
10000063
10000064
10000065
10000066
10000067
10000068
10000069
1000007
10000070
10000071
10000072
10000073
10000074
10000075
10000076
10000077
10000078
10000079
1000008
10000080
10000081
10000082
10000083
10000084
10000085
10000086
10000087
10000088
10000089
1000009
10000090
10000091
10000092
10000093
10000094
10000095
10000096
10000097
10000098
10000099
1000010
10000100
10000101
10000102
10000103
10000104
10000105
10000106
10000107
10000108
10000109
1000011
10000110
10000111
10000112
10000113
10000114
10000115
10000116
10000117
10000118
10000119
1000012
10000120
10000121
10000122
10000123
10000124
10000125
10000126
10000127
10000128
10000129
1000013
10000130
10000131
10000132
10000133
10000134
10000135
10000136
10000137
10000138
10000139
1000014
10000140
10000141
10000142
10000143
10000144
10000145
10000146
10000147
10000148
10000149
1000015
10000150
10000151
10000152
10000153
10000154
10000155
10000156
10000157
10000158
10000159
1000016
10000160
10000161
10000162
10000163
10000164
10000165
10000166
10000167
10000168
10000169
1000017
10000170
10000171
10000172
10000173
10000174
10000175
10000176
10000177
10000178
10000179
1000018
10000180
10000181
10000182
10000183
10000184
10000185
10000186
10000187
10000188
10000189
1000019
10000190
10000191
10000192
10000193
10000194
10000195
10000196
10000197
10000198
10000199
1000020
10000200
10000201
10000202
10000203
10000204
10000205
10000206
10000207
10000208
10000209
1000021
10000210
10000211
10000212
10000213
10000214
10000215
10000216
10000217
10000218
10000219
1000022
10000220
10000221
10000222
10000223
10000224
1000023
1000024
1000025
1000026
1000027
1000028
1000029
1000030
1000031
1000032
1000033
1000034
1000035
1000036
1000037
1000038
1000039
1000040
1000041
1000042
1000043
1000044
1000045
1000046
1000047
1000048
1000049
1000050
1000051
1000052
1000053
1000054
1000055
1000056
1000057
1000058
1000059
1000060
1000061
1000062
1000063
1000064
1000065
1000066
1000067
1000068
1000069
1000070
1000071
1000072
1000073
1000074
1000075
1000076
1000077
1000078
1000079
1000080
1000081
1000082
1000083
1000084
1000085
1000086
1000087
1000088
1000089
1000090
1000091
1000092
1000093
1000094
1000095
1000096
1000097
1000098
1000099
1000100
1000101
1000102
1000103
1000104
1000105
1000106
1000107
1000108
1000109
1000110
1000111
1000112
1000113
1000114
1000115
1000116
1000117
1000118
1000119
1000120
1000121
1000122
1000123
1000124
1000125
1000126
1000127
1000128
1000129
1000130
1000131
1000132
1000133
1000134
1000135
1000136
1000137
1000138
1000139
1000140
1000141
1000142
1000143
1000144
1000145
1000146
1000147
1000148
1000149
1000150
1000151
1000152
1000153
1000154
1000155
1000156
1000157
1000158
1000159
1000160
1000161
1000162
1000163
1000164
1000165
1000166
1000167
1000168
1000169
1000170
1000171
1000172
1000173
1000174
1000175
1000176
1000177
1000178
1000179
1000180
1000181
1000182
1000183
1000184
1000185
1000186
1000187
1000188
1000189
1000190
1000191
1000192
1000193
1000194
1000195
1000196
1000197
1000198
1000199
1000200
1000201
1000202
1000203
1000204
1000205
1000206
1000207
1000208
1000209
1000210
1000211
1000212
1000213
1000214
1000215
1000216
1000217
1000218
1000219
1000220
1000221
1000222
1000223
1000224
1000225
1000226
1000227
1000228
1000229
1000230
1000231
1000232
1000233
1000234
1000235
1000236
1000237
1000238
1000239
1000240
1000241
1000242
1000243
1000244
1000245
1000246
1000247
1000248
1000249
1000250
1000251
1000252
1000253
1000254
1000255
1000256
1000257
1000258
1000259
1000260
1000261
1000262
1000263
1000264
1000265
1000266
1000267
1000268
1000269
1000270
1000271
1000272
1000273
1000274
1000275
1000276
1000277
1000278
1000279
1000280
1000281
1000282
1000283
1000284
1000285
1000286
1000287
1000288
1000289
1000290
1000291
1000292
1000293
1000294
1000295
1000296
1000297
1000298
1000299
1000300
1000301
1000302
1000303
1000304
1000305
1000306
1000307
1000308
1000309
1000310
1000311
1000312
1000313
1000314
1000315
1000316
1000317
1000318
1000319
1000320
1000321
1000322
1000323
1000324
1000325
1000326
1000327
1000328
1000329
1000330
1000331
1000332
1000333
1000334
1000335
1000336
1000337
1000338
1000339
1000340
1000341
1000342
1000343
1000344
1000345
1000346
1000347
1000348
1000349
1000350
1000351
1000352
1000353
1000354
1000355
1000356
1000357
1000358
1000359
1000360
1000361
1000362
1000363
1000364
1000365
1000366
1000367
1000368
1000369
1000370
1000371
1000372
1000373
1000374
1000375
1000376
1000377
1000378
1000379
1000380
1000381
1000382
1000383
1000384
1000385
1000386
1000387
1000388
1000389
1000390
1000391
1000392
1000393
1000394
1000395
1000396
1000397
1000398
1000399
1000400
1000401
1000402
1000403
1000404
1000405
1000406
1000407
1000408
1000409
1000410
1000411
1000412
1000413
1000414
1000415
1000416
1000417
1000418
1000419
1000420
1000421
1000422
1000423
1000424
1000425
1000426
1000427
1000428
1000429
1000430
1000431
1000432
1000433
1000434
1000435
1000436
1000437
1000438
1000439
1000440
1000441
1000442
1000443
1000444
1000445
1000446
1000447
1000448
1000449
1000450
1000451
1000452
1000453
1000454
1000455
1000456
1000457
1000458
1000459
1000460
1000461
1000462
1000463
1000464
1000465
1000466
1000467
1000468
1000469
1000470
1000471
1000472
1000473
1000474
1000475
1000476
1000477
1000478
1000479
1000480
1000481
1000482
1000483
1000484
1000485
1000486
1000487
1000488
1000489
1000490
1000491
1000492
1000493
1000494
1000495
1000496
1000497
1000498
1000499
1000500
1000501
1000502
1000503
1000504
1000505
1000506
1000507
1000508
1000509
1000510
1000511
1000512
1000513
1000514
1000515
1000516
1000517
1000518
1000519
1000520
1000521
1000522
1000523
1000524
1000525
1000526
1000527
1000528
1000529
1000530
1000531
1000532
1000533
1000534
11000001
11000002
11000003
11000004
11000005
11000006
11000007
11000008
11000009
11000010
11000011
11000012
11000013
11000014
11000015
11000016
11000017
11000018
11000019
11000020
11000021
11000022
11000023
11000024
11000025
11000026
11000027
11000028
11000029
11000030
11000031
11000032
11000033
11000034
11000035
11000036
11000037
11000038
11000039
11000040
11000041
11000042
11000043
11000044
11000045
11000046
11000047
11000048
11000049
11000050
11000051
11000052
11000053
11000054
11000055
11000056
11000057
11000058
11000059
11000060
11000061
11000062
11000063
11000064
11000065
11000066
11000067
11000068
11000069
11000070
11000071
11000072
11000073
11000074
11000075
11000076
11000077
11000078
11000079
11000080
11000081
11000082
11000083
11000084
11000085
11000086
11000087
11000088
11000089
11000090
11000091
11000092
11000093
11000094
11000095
11000096
11000097
11000098
11000099
11000100
11000101
11000102
11000103
11000104
11000105
11000106
11000107
11000108
11000109
11000110
11000111
11000112
11000113
11000114
11000115
11000116
11000117
11000118
11000119
11000120
11000121
11000122
11000123
11000124
11000125
11000126
11000127
11000128
11000129
11000130
11000131
11000132
11000133
11000134
11000135
11000136
11000137
11000138
11000139
11000140
11000141
11000142
11000143
11000144
11000145
11000146
11000147
11000148
11000149
11000150
11000151
11000152
11000153
11000154
11000155
11000156
11000157
11000158
11000159
11000160
11000161
11000162
11000163
11000164
11000165
11000166
11000167
11000168
11000169
11000170
11000171
11000172
11000173
11000174
11000175
11000176
11000177
11000178
11000179
11000180
11000181
11000182
11000183
11000184
11000185
11000186
11000187
11000188
11000189
11000190
11000191
11000192
11000193
11000194
11000195
12000001
12000002
12000003
12000004
12000005
12000006
12000007
12000008
12000009
12000010
12000011
12000012
12000013
12000014
12000015
12000016
12000017
12000018
12000019
12000020
12000021
12000022
12000023
12000024
12000025
12000026
12000027
12000028
12000029
12000030
12000031
12000032
12000033
12000034
12000035
12000036
12000037
12000038
12000039
12000040
12000041
12000042
12000043
12000044
12000045
12000046
12000047
12000048
12000049
12000050
12000051
12000052
12000053
12000054
12000055
12000056
12000057
12000058
12000059
12000060
12000061
12000062
12000063
12000064
12000065
12000066
12000067
12000068
12000069
12000070
12000071
12000072
12000073
12000074
12000075
12000076
12000077
12000078
12000079
12000080
12000081
12000082
12000083
12000084
12000085
12000086
12000087
12000088
12000089
12000090
12000091
12000092
12000093
12000094
12000095
12000096
12000097
12000098
12000099
12000100
12000101
12000102
12000103
12000104
12000105
12000106
12000107
12000108
12000109
12000110
12000111
12000112
12000113
12000114
12000115
12000116
12000117
12000118
12000119
12000120
12000121
12000122
12000123
12000124
12000125
12000126
12000127
12000128
12000129
12000130
12000131
12000132
12000133
12000134
12000135
12000136
12000137
12000138
12000139
12000140
12000141
12000142
12000143
12000144
12000145
12000146
12000147
12000148
12000149
12000150
12000151
12000152
12000153
12000154
12000155
12000156
12000157
12000158
12000159
12000160
12000161
12000162
12000163
12000164
12000165
12000166
12000167
12000168
12000169
12000170
12000171
12000172
12000173
12000174
12000175
12000176
12000177
12000178
12000179
12000180
12000181
12000182
12000183
12000184
12000185
12000186
12000187
12000188
12000189
12000190
12000191
12000192
12000193
12000194
12000195
12000196
12000197
12000198
12000199
12000200
12000201
12000202
12000203
12000204
12000205
12000206
12000207
12000208
12000209
12000210
12000211
12000212
12000213
12000214
12000215
12000216
12000217
12000218
12000219
12000220
12000221
12000222
12000223
12000224
12000225
12000226
12000227
12000228
12000229
12000230
12000231
12000232
12000233
12000234
12000235
12000236
12000237
12000238
12000239
12000240
12000241
12000242
12000243
12000244
12000245
12000246
12000247
13000001
13000002
13000003
13000004
13000005
13000006
13000007
13000008
13000009
13000010
13000011
13000012
13000013
13000014
13000015
13000016
13000017
13000018
13000019
13000020
13000021
13000022
13000023
13000024
13000025
13000026
13000027
13000028
13000029
13000030
13000031
13000032
13000033
13000034
13000035
13000036
13000037
13000038
13000039
13000040
13000041
13000042
13000043
13000044
13000045
13000046
13000047
13000048
13000049
13000050
13000051
13000052
13000053
13000054
13000055
13000056
13000057
13000058
13000059
13000060
13000061
13000062
13000063
13000064
13000065
13000066
13000067
13000068
13000069
13000070
13000071
13000072
13000073
13000074
13000075
13000076
13000077
13000078
13000079
13000080
13000081
13000082
13000083
13000084
13000085
13000086
13000087
13000088
13000089
13000090
13000091
13000092
13000093
13000094
13000095
13000096
13000097
13000098
13000099
13000100
13000101
13000102
13000103
13000104
13000105
13000106
13000107
13000108
13000109
13000110
13000111
14000001
14000002
14000003
14000004
14000005
14000006
14000007
14000008
14000009
14000010
14000011
14000012
14000013
14000014
14000015
14000016
14000017
14000018
14000019
14000020
14000021
14000022
14000023
14000024
14000025
14000026
14000027
14000028
14000029
14000030
14000031
14000032
14000033
14000034
14000035
14000036
14000037
14000038
14000039
14000040
14000041
14000042
14000043
14000044
14000045
14000046
14000047
14000048
14000049
14000050
14000051
14000052
14000053
14000054
14000055
14000056
14000057
14000058
14000059
14000060
14000061
14000062
14000063
14000064
14000065
14000066
14000067
14000068
14000069
14000070
14000071
14000072
14000073
14000074
14000075
14000076
14000077
14000078
14000079
14000080
14000081
14000082
14000083
14000084
14000085
14000086
14000087
14000088
14000089
14000090
14000091
14000092
14000093
14000094
14000095
14000096
14000097
14000098
14000099
14000100
14000101
14000102
14000103
14000104
14000105
14000106
14000107
14000108
14000109
14000110
14000111
14000112
14000113
14000114
14000115
14000116
14000117
14000118
14000119
14000120
14000121
14000122
14000123
14000124
14000125
14000126
14000127
14000128
14000129
14000130
14000131
14000132
14000133
14000134
14000135
14000136
14000137
14000138
14000139
14000140
14000141
14000142
14000143
14000144
14000145
14000146
14000147
14000148
14000149
14000150
14000151
14000152
14000153
14000154
14000155
14000156
14000157
14000158
14000159
14000160
14000161
14000162
14000163
14000164
14000165
14000166
14000167
14000168
14000169
14000170
14000171
14000172
14000173
14000174
14000175
14000176
14000177
14000178
14000179
14000180
14000181
14000182
14000183
14000184
14000185
14000186
14000187
14000188
14000189
14000190
14000191
14000192
14000193
14000194
14000195
14000196
14000197
14000198
14000199
14000200
14000201
14000202
14000203
14000204
14000205
14000206
14000207
14000208
14000209
14000210
14000211
14000212
14000213
14000214
14000215
14000216
14000217
14000218
14000219
14000220
14000221
14000222
14000223
14000224
14000225
14000226
14000227
14000228
14000229
14000230
14000231
14000232
14000233
14000234
14000235
14000236
14000237
14000238
14000239
14000240
14000241
14000242
14000243
14000244
14000245
14000246
14000247
14000248
14000249
14000250
14000251
14000252
14000253
14000254
14000255
14000256
14000257
14000258
14000259
14000260
14000261
14000262
14000263
14000264
14000265
14000266
14000267
14000268
14000269
14000270
14000271
14000272
14000273
14000274
14000275
14000276
14000277
14000278
14000279
14000280
14000281
14000282
14000283
14000284
14000285
14000286
14000287
14000288
14000289
14000290
14000291
14000292
15000001
15000002
15000003
15000004
15000005
15000006
15000007
15000008
15000009
15000010
15000011
15000012
15000013
15000014
15000015
15000016
15000017
15000018
15000019
15000020
15000021
15000022
15000023
15000024
15000025
15000026
15000027
15000028
15000029
15000030
15000031
15000032
15000033
15000034
15000035
15000036
15000037
15000038
15000039
15000040
15000041
15000042
15000043
15000044
15000045
15000046
15000047
15000048
15000049
15000050
15000051
15000052
15000053
15000054
15000055
15000056
15000057
15000058
15000059
15000060
15000061
15000062
15000063
15000064
15000065
15000066
15000067
15000068
15000069
15000070
15000071
15000072
15000073
15000074
15000075
15000076
15000077
15000078
15000079
15000080
15000081
15000082
15000083
15000084
15000085
15000086
15000087
15000088
15000089
15000090
15000091
15000092
15000093
15000094
15000095
15000096
15000097
15000098
15000099
15000100
15000101
15000102
15000103
15000104
15000105
15000106
15000107
15000108
15000109
15000110
15000111
15000112
15000113
15000114
15000115
15000116
15000117
15000118
15000119
15000120
15000121
15000122
15000123
15000124
15000125
15000126
15000127
15000128
15000129
15000130
15000131
15000132
15000133
15000134
15000135
15000136
15000137
15000138
15000139
15000140
15000141
15000142
15000143
15000144
15000145
15000146
15000147
15000148
15000149
15000150
15000151
15000152
15000153
15000154
16000001
16000002
16000003
16000004
16000005
16000006
16000007
16000008
16000009
16000010
16000011
16000012
16000013
16000014
16000015
16000016
16000017
16000018
16000019
16000020
16000021
16000022
16000023
16000024
16000025
16000026
16000027
16000028
16000029
16000030
16000031
16000032
16000033
16000034
16000035
16000036
16000037
16000038
16000039
16000040
16000041
16000042
16000043
16000044
16000045
16000046
16000047
16000048
16000049
16000050
16000051
16000052
16000053
16000054
16000055
16000056
16000057
16000058
16000059
16000060
16000061
16000062
16000063
16000064
16000065
16000066
16000067
16000068
16000069
16000070
16000071
16000072
16000073
16000074
16000075
16000076
16000077
16000078
16000079
16000080
16000081
16000082
16000083
16000084
16000085
16000086
16000087
16000088
16000089
16000090
16000091
16000092
16000093
16000094
16000095
16000096
16000097
16000098
16000099
16000100
16000101
16000102
16000103
16000104
16000105
16000106
16000107
16000108
16000109
16000110
16000111
16000112
16000113
16000114
16000115
16000116
16000117
16000118
16000119
16000120
16000121
16000122
16000123
16000124
16000125
16000126
16000127
16000128
16000129
16000130
16000131
16000132
16000133
16000134
16000135
16000136
16000137
16000138
16000139
16000140
16000141
16000142
16000143
16000144
16000145
16000146
16000147
16000148
16000149
16000150
16000151
16000152
16000153
16000154
16000155
16000156
16000157
16000158
16000159
16000160
16000161
16000162
16000163
16000164
16000165
16000166
16000167
16000168
16000169
17000001
17000002
17000003
17000004
17000005
17000006
17000007
17000008
17000009
17000010
17000011
17000012
17000013
17000014
17000015
17000016
17000017
17000018
17000019
17000020
17000021
17000022
17000023
17000024
17000025
17000026
17000027
17000028
17000029
17000030
17000031
17000032
17000033
17000034
17000035
17000036
17000037
17000038
17000039
17000040
17000041
17000042
17000043
17000044
17000045
17000046
17000047
17000048
17000049
17000050
17000051
17000052
17000053
17000054
17000055
17000056
17000057
17000058
17000059
17000060
17000061
17000062
17000063
17000064
17000065
17000066
17000067
17000068
17000069
17000070
17000071
17000072
17000073
17000074
17000075
17000076
17000077
17000078
17000079
17000080
17000081
17000082
17000083
17000084
17000085
17000086
17000087
17000088
17000089
17000090
17000091
17000092
17000093
17000094
17000095
17000096
17000097
17000098
17000099
17000100
17000101
17000102
17000103
17000104
17000105
17000106
17000107
17000108
17000109
17000110
17000111
17000112
17000113
17000114
17000115
17000116
17000117
17000118
17000119
17000120
17000121
17000122
17000123
17000124
17000125
17000126
17000127
17000128
17000129
17000130
17000131
17000132
17000133
17000134
17000135
17000136
17000137
17000138
17000139
17000140
17000141
17000142
17000143
17000144
17000145
17000146
17000147
17000148
17000149
17000150
17000151
17000152
17000153
17000154
17000155
17000156
17000157
17000158
17000159
17000160
17000161
17000162
17000163
17000164
17000165
17000166
17000167
17000168
17000169
17000170
17000171
17000172
17000173
17000174
17000175
17000176
17000177
17000178
17000179
17000180
17000181
17000182
17000183
17000184
17000185
17000186
17000187
17000188
17000189
17000190
17000191
17000192
17000193
17000194
17000195
17000196
17000197
17000198
17000199
17000200
17000201
17000202
17000203
17000204
17000205
17000206
17000207
17000208
17000209
17000210
17000211
17000212
17000213
17000214
17000215
17000216
17000217
17000218
17000219
17000220
17000221
17000222
17000223
17000224
17000225
17000226
17000227
17000228
17000229
17000230
17000231
17000232
17000233
18000001
18000002
18000003
18000004
18000005
18000006
18000007
18000008
18000009
18000010
18000011
18000012
18000013
18000014
18000015
18000016
18000017
18000018
18000019
18000020
18000021
18000022
18000023
18000024
18000025
18000026
18000027
18000028
18000029
18000030
18000031
18000032
18000033
18000034
18000035
18000036
18000037
18000038
18000039
18000040
18000041
18000042
18000043
18000044
18000045
18000046
18000047
18000048
18000049
18000050
18000051
18000052
18000053
18000054
18000055
18000056
18000057
18000058
18000059
18000060
18000061
18000062
18000063
18000064
18000065
18000066
18000067
18000068
18000069
18000070
18000071
18000072
18000073
18000074
18000075
18000076
18000077
18000078
18000079
18000080
18000081
18000082
18000083
18000084
18000085
18000086
18000087
18000088
18000089
18000090
18000091
18000092
18000093
18000094
18000095
18000096
18000097
18000098
18000099
18000100
18000101
18000102
18000103
18000104
18000105
18000106
18000107
18000108
18000109
18000110
18000111
18000112
18000113
18000114
18000115
18000116
18000117
18000118
18000119
18000120
18000121
18000122
18000123
18000124
18000125
18000126
18000127
18000128
18000129
18000130
19000001
19000002
19000003
19000004
19000005
19000006
19000007
19000008
19000009
19000010
19000011
19000012
19000013
19000014
19000015
19000016
19000017
19000018
19000019
19000020
19000021
19000022
19000023
19000024
19000025
19000032
19000206
19000207
19000208
19000209
19000210
19000211
19000212
19000213
19000214
19000215
19000216
19000217
19000218
19000219
19000220
19000221
19000222
19000223
19000224
19000225
19000226
19000227
19000228
19000229
19000230
19000231
19000232
19000233
19000234
19000235
19000236
19000237
19000238
19000239
19000240
19000241
19000242
19000243
19000244
19000245
19000246
19000247
19000248
19000249
19000250
19000251
19000252
19000253
19000254
19000255
19000256
19000257
19000258
19000259
19000260
19000261
19000262
19000263
19000264
19000265
19000266
19000267
19000268
19000269
19000270
19000271
19000272
19000273
19000274
19000275
19000276
19000277
19000278
19000279
19000280
19000281
19000282
19000283
19000284
19000285
19000286
19000287
19000288
19000289
19000290
19000291
19000292
19000293
19000294
19000295
19000296
19000297
19000298
19000299
19000300
19000301
19000302
19000303
19000304
19000305
19000306
19000307
19000308
19000309
19000310
19000311
19000312
19000313
19000314
19000315
19000316
19000317
19000318
19000319
19000320
19000321
19000322
19000323
19000324
19000325
19000326
19000327
19000328
19000329
19000330
19000331
19000332
19000333
19000334
19000335
19000336
19000337
19000338
19000339
19000340
19000341
19000342
19000343
19000344
19000345
19000346
19000347
19000348
19000349
19000350
19000351
19000352
19000353
19000354
19000355
19000356
19000357
19000358
19000359
19000360
19000361
19000362
19000363
19000364
19000365
19000366
19000367
19000368
19000369
19000370
19000371
19000372
19000373
19000374
19000375
19000376
19000377
19000378
19000379
19000380
19000381
19000382
19000383
19000384
19000385
19000386
19000387
19000388
19000389
19000390
19000391
19000392
19000393
19000394
19000395
19000396
19000397
19000398
19000399
19000400
19000401
19000402
19000403
19000404
19000405
19000406
19000407
19000408
19000409
19000410
19000411
19000412
19000413
19000414
19000415
19000416
19000417
19000418
19000419
19000420
19000421
19000422
19000423
19000424
19000425
19000426
19000427
19000428
19000429
19000430
19000431
19000432
19000433
19000434
19000435
19000436
19000437
19000438
19000439
19000440
19000441
19000442
19000443
19000444
19000445
19000446
19000447
19000448
19000449
19000450
19000451
19000452
19000453
19000454
19000455
19000456
19000457
19000458
19000459
19000460
19000461
19000462
19000463
19000464
19000465
19000466
19000467
19000468
19000469
19000470
19000471
19000472
19000473
19000474
19000475
19000476
19000477
19000478
19000479
19000480
19000481
19000482
19000483
19000484
19000485
20000001
20000002
20000003
20000004
20000005
20000006
20000007
20000008
20000009
2000001
20000010
20000011
20000012
20000013
20000014
20000015
20000016
20000017
20000018
20000019
2000002
20000020
20000021
20000022
20000023
20000024
20000025
20000026
20000027
2000003
20000036
20000037
20000038
20000039
2000004
20000040
20000041
20000042
20000043
20000044
20000045
20000046
20000047
20000048
20000049
2000005
20000050
20000051
20000052
20000053
20000054
20000055
20000056
20000057
20000058
20000059
2000006
20000060
20000061
20000062
20000063
20000064
20000065
20000066
20000067
20000068
20000069
2000007
20000070
20000071
20000072
20000073
20000074
20000075
20000076
20000077
20000078
20000079
2000008
20000080
20000081
20000082
20000083
20000084
20000085
20000086
20000087
20000088
20000089
2000009
20000090
20000091
20000092
20000093
20000094
20000095
20000096
20000097
20000098
20000099
2000010
20000100
20000101
20000102
20000103
20000104
20000105
20000106
20000107
20000108
20000109
2000011
20000110
20000111
20000112
20000113
20000114
20000115
20000116
20000117
20000118
20000119
2000012
20000120
20000121
20000122
20000123
20000124
20000125
20000126
20000127
20000128
20000129
2000013
20000130
20000131
20000132
20000133
20000134
20000135
20000136
20000137
20000138
20000139
2000014
20000140
20000141
20000142
20000143
20000144
20000145
20000146
20000147
20000148
20000149
2000015
20000150
20000151
20000152
20000153
20000154
20000155
20000156
20000157
20000158
20000159
2000016
20000160
20000161
20000162
20000163
20000164
20000165
20000166
20000167
20000168
20000169
2000017
20000170
20000171
20000172
20000173
20000174
20000175
20000176
20000177
20000178
20000179
2000018
20000180
20000181
20000182
20000183
20000184
20000185
20000186
20000187
20000188
20000189
2000019
20000190
20000191
20000192
20000193
20000194
20000195
20000196
20000197
20000198
20000199
2000020
20000200
20000201
20000202
20000203
20000204
20000205
20000206
20000207
20000208
20000209
2000021
20000210
20000211
20000212
20000213
20000214
20000215
20000216
20000217
20000218
20000219
2000022
20000220
20000221
20000222
20000223
20000224
20000225
20000226
20000227
20000228
20000229
2000023
20000230
20000231
20000232
20000233
20000234
20000235
20000236
20000237
20000238
20000239
2000024
2000025
2000026
2000027
2000028
2000029
2000030
2000031
2000032
2000033
2000034
2000035
2000036
2000037
2000038
2000039
2000040
2000041
2000042
2000043
2000044
2000045
2000046
2000047
2000048
2000049
2000050
2000051
2000052
2000053
2000054
2000055
2000056
2000057
2000058
2000059
2000060
2000061
2000062
2000063
2000064
2000065
2000066
2000067
2000068
2000069
2000070
2000071
2000072
2000073
2000074
2000075
2000076
2000077
2000078
2000079
2000080
2000081
2000082
2000083
2000084
2000085
2000086
2000087
2000088
2000089
2000090
2000091
2000092
2000093
2000094
2000095
2000096
2000097
2000098
2000099
2000100
2000101
2000102
2000103
2000104
2000105
2000106
2000107
2000108
2000109
2000110
2000111
2000112
2000113
2000114
2000115
2000116
2000117
2000118
2000119
2000120
2000121
2000122
2000123
2000124
2000125
2000126
2000127
2000128
2000129
2000130
2000131
2000132
2000133
2000134
2000135
2000136
2000137
2000138
2000139
2000140
2000141
2000142
2000143
2000144
2000145
2000146
2000147
2000148
2000149
2000150
2000151
2000152
2000153
2000154
2000155
2000156
2000157
2000158
2000159
2000160
2000161
2000162
2000163
2000164
2000165
2000166
2000167
2000168
2000169
2000170
2000171
2000172
2000173
2000174
2000175
2000176
2000177
2000178
2000179
2000180
2000181
2000182
2000183
2000184
2000185
2000186
2000187
2000188
2000189
2000190
2000191
2000192
2000193
2000194
2000195
2000196
2000197
2000198
2000199
2000200
2000201
2000202
2000203
2000204
2000205
2000206
2000207
2000208
2000209
2000210
2000211
2000212
2000213
2000214
2000215
2000216
2000217
2000218
2000219
2000220
2000221
2000222
2000223
2000224
2000225
2000226
2000227
2000228
2000229
2000230
2000231
2000232
2000233
2000234
2000235
2000236
2000237
2000238
2000239
2000240
2000241
2000242
2000243
2000244
2000245
2000246
2000247
2000248
2000249
2000250
2000251
2000252
2000253
2000254
2000255
2000256
2000257
2000258
2000259
2000260
2000261
2000262
2000263
2000264
2000265
2000266
2000267
2000268
2000269
2000270
2000271
2000272
2000273
2000274
2000275
2000276
2000277
2000278
2000279
2000280
2000281
2000282
2000283
2000284
2000285
2000286
2000287
2000288
2000289
2000290
2000291
2000292
2000293
2000294
2000295
2000296
2000297
2000298
2000299
2000300
2000301
2000302
2000303
2000304
2000305
2000306
2000307
2000308
2000309
2000310
2000311
2000312
2000313
2000314
2000315
2000316
2000317
2000318
2000319
2000320
2000321
2000322
2000323
2000324
2000325
2000326
2000327
2000328
2000329
2000330
2000331
2000332
2000333
2000334
2000335
2000336
2000337
2000338
2000339
2000340
2000341
2000342
2000343
2000344
2000345
2000346
2000347
2000348
2000349
2000350
2000351
2000352
2000353
2000354
2000355
2000356
2000357
2000358
2000359
2000360
2000361
2000362
2000363
2000364
2000365
2000366
2000367
2000368
2000369
2000370
2000371
2000372
2000373
2000374
2000375
2000376
2000377
2000378
2000379
2000380
2000381
2000382
2000383
2000384
2000385
2000386
2000387
21000001
21000002
21000003
21000004
21000005
21000006
21000007
21000008
21000009
21000010
21000011
21000012
21000013
21000014
21000015
21000016
21000017
21000018
21000019
21000020
21000021
21000022
21000023
21000024
21000025
21000026
21000027
21000028
21000029
21000030
21000031
21000032
21000033
21000034
21000035
21000036
21000037
21000038
21000039
21000040
21000041
21000042
21000043
21000044
21000045
21000046
21000047
21000048
21000049
21000050
21000051
21000052
21000053
21000054
21000055
21000056
21000057
21000058
21000059
21000060
21000061
21000062
21000063
21000064
21000065
21000066
21000067
21000068
21000069
21000070
21000071
21000072
21000073
21000074
21000075
21000076
21000077
21000078
21000079
21000080
21000081
21000082
21000083
21000084
21000085
21000086
21000087
21000088
21000089
21000090
21000091
21000092
21000093
21000094
21000095
21000096
21000097
21000098
21000099
21000100
21000101
21000102
21000103
21000104
21000105
21000106
21000107
21000108
21000109
21000110
21000111
21000112
21000113
21000114
21000115
21000116
21000117
21000118
21000119
21000120
21000121
21000122
21000123
21000124
21000125
21000126
21000127
21000128
21000129
21000130
21000131
21000132
21000133
21000134
21000135
21000136
21000137
21000138
21000139
21000140
21000141
21000142
21000143
21000144
21000145
21000146
21000147
21000148
21000149
21000150
21000151
21000152
21000153
21000154
21000155
21000156
21000157
21000158
21000159
21000160
21000161
21000162
21000163
21000164
21000165
21000166
21000167
21000168
21000169
21000170
21000171
21000172
21000173
21000174
21000175
21000176
21000177
21000178
21000179
21000180
21000181
21000182
21000183
21000184
21000185
21000186
21000187
21000188
21000189
21000190
21000191
21000192
21000193
21000194
21000195
21000196
21000197
21000198
21000199
21000200
21000201
21000202
21000203
21000204
21000205
21000206
21000207
21000208
21000209
21000210
21000211
21000212
21000213
21000214
21000215
21000216
21000217
21000218
21000219
21000220
21000221
21000222
21000223
21000224
21000225
21000226
21000227
21000228
21000229
21000230
21000231
21000232
21000233
21000234
21000235
21000236
21000237
21000238
21000239
21000240
21000241
21000242
21000243
21000244
21000245
21000246
21000247
21000248
21000249
21000250
21000251
21000252
21000253
21000254
21000255
21000256
21000257
21000258
21000259
21000260
21000261
21000262
21000263
21000264
21000265
21000266
21000267
21000268
21000269
21000270
21000271
21000272
21000273
21000274
21000275
21000276
21000277
21000278
21000279
21000280
21000281
21000282
21000283
21000284
21000285
21000286
21000287
21000288
21000289
21000290
21000291
21000292
21000293
21000294
21000295
21000296
21000297
21000298
21000299
21000300
21000301
21000302
21000303
21000304
21000305
21000306
21000307
21000308
21000309
21000310
21000311
21000312
21000313
21000314
21000315
21000316
21000317
21000318
21000319
21000320
21000321
21000322
21000323
21000324
21000325
21000326
21000327
21000328
21000329
21000330
21000331
21000332
21000333
21000334
21000335
21000336
21000337
21000338
21000339
21000340
21000341
21000342
21000343
21000344
21000345
21000346
21000347
21000348
21000349
21000350
21000351
21000352
21000353
21000354
21000355
21000356
21000357
21000358
21000359
21000360
21000361
21000362
21000363
21000364
21000365
21000366
21000367
21000368
21000369
21000370
21000371
21000372
21000373
21000374
21000375
21000376
21000377
21000378
21000379
21000380
21000381
21000382
21000383
21000384
21000385
21000386
21000387
21000388
21000389
21000390
21000391
21000392
21000393
21000394
21000395
21000396
21000397
21000398
21000399
21000400
21000401
21000402
21000403
21000404
21000405
21000406
21000407
22000001
22000002
22000003
22000004
22000005
22000006
22000007
22000008
22000009
22000010
22000011
22000012
22000013
22000014
22000015
22000016
22000017
22000018
22000019
22000020
22000021
22000022
22000023
22000024
22000025
22000026
22000027
22000028
22000029
22000030
22000031
22000032
22000033
22000034
22000035
22000036
22000037
22000038
22000039
22000040
22000041
22000042
22000043
22000044
22000045
22000046
22000047
22000048
22000049
22000050
22000051
22000052
22000053
22000054
22000055
22000056
22000057
22000058
22000059
22000060
22000061
22000062
22000063
22000064
22000065
22000066
22000067
22000068
22000069
22000070
22000071
22000072
22000073
22000074
22000075
22000076
22000077
22000078
22000079
22000080
22000081
22000082
22000083
22000084
22000085
22000086
22000087
22000088
22000089
22000090
22000091
22000092
22000093
22000094
22000095
22000096
22000097
22000098
22000099
22000100
22000101
22000102
22000103
22000104
22000105
22000106
22000107
22000108
22000109
22000110
22000111
22000112
22000113
22000114
22000115
22000116
22000117
22000118
22000119
22000120
22000121
22000122
22000123
22000124
22000125
22000126
22000127
22000128
22000129
22000130
22000131
22000132
22000133
22000134
22000135
22000136
22000137
22000138
22000139
22000140
22000141
22000142
22000143
22000144
22000145
22000146
22000147
22000148
22000149
22000150
22000151
22000152
23000001
23000002
23000003
23000004
23000005
23000006
23000007
23000008
23000009
23000010
23000011
23000012
23000013
23000014
23000015
23000016
23000017
23000018
23000019
23000020
23000021
23000022
23000023
23000024
23000025
23000026
23000027
23000028
23000029
23000030
23000031
23000032
23000033
23000034
23000035
23000036
23000037
23000038
23000039
23000040
23000041
23000042
23000043
23000044
23000045
23000046
23000047
23000048
23000049
23000050
23000051
23000052
23000053
23000054
23000055
23000056
23000057
23000058
23000059
23000060
23000061
23000062
23000063
23000064
23000065
23000066
23000067
23000068
23000069
23000070
23000071
23000072
23000073
23000074
23000075
23000076
23000077
23000078
23000079
23000080
23000081
23000082
23000083
23000084
23000085
23000086
23000087
23000088
23000089
23000090
23000091
23000092
23000093
23000094
23000095
23000096
23000097
23000098
23000099
23000100
23000101
23000102
23000103
23000104
23000105
23000106
23000107
23000108
23000109
23000110
23000111
23000112
23000113
23000114
23000115
23000116
23000117
23000118
23000119
23000120
23000121
23000122
23000123
23000124
23000125
23000126
23000127
23000128
23000129
23000130
23000131
23000132
23000133
23000134
23000135
23000136
23000137
23000138
23000139
23000140
23000141
23000142
23000143
23000144
23000145
23000146
23000147
23000148
23000149
23000150
23000151
23000152
23000153
23000154
23000155
23000156
23000157
23000158
23000159
23000160
23000161
23000162
23000163
23000164
23000165
23000166
23000167
23000168
23000169
23000170
23000171
23000172
23000173
23000174
23000175
23000176
23000177
23000178
23000179
23000180
23000181
23000182
23000183
23000184
23000185
23000186
23000187
23000188
23000189
23000190
23000191
23000192
23000193
23000194
23000195
23000196
23000197
23000198
23000199
23000200
23000201
23000202
23000203
23000204
23000205
23000206
23000207
23000208
23000209
23000210
23000211
23000212
23000213
23000214
23000215
23000216
23000217
23000218
23000219
23000220
23000221
23000222
23000223
23000224
23000225
23000226
23000227
23000228
23000229
23000230
23000231
23000232
23000233
23000234
23000235
23000236
23000237
23000238
23000239
23000240
23000241
23000242
23000243
23000244
23000245
23000246
23000247
23000248
23000249
23000250
23000251
23000252
23000253
23000254
23000255
23000256
23000257
23000258
23000259
23000260
23000261
23000262
23000263
23000264
23000265
23000266
23000267
23000268
23000269
23000270
23000271
23000272
23000273
23000274
23000275
23000276
23000277
23000278
23000279
23000280
23000281
23000282
23000283
23000284
23000285
23000286
23000287
23000288
23000289
23000290
23000291
23000292
23000293
23000294
23000295
23000296
23000297
23000298
23000299
24000001
24000002
24000003
24000004
24000005
24000006
24000007
24000008
24000009
24000010
24000011
24000012
24000013
24000014
24000015
24000016
24000017
24000018
24000019
24000020
24000021
24000022
24000023
24000024
24000025
24000026
24000027
24000028
24000029
24000030
24000031
24000032
24000033
24000034
24000035
24000036
24000037
24000038
24000039
24000040
24000041
24000042
24000043
24000044
24000045
24000046
24000047
24000048
24000049
24000050
24000051
24000052
24000053
24000054
24000055
24000056
24000057
24000058
24000059
24000060
24000061
24000062
24000063
24000064
24000065
24000066
24000067
24000068
24000069
24000070
24000071
24000072
24000073
24000074
24000075
24000076
24000077
24000078
24000079
24000080
24000081
24000082
24000083
24000084
24000085
24000086
24000087
24000088
24000089
24000090
24000091
24000092
24000093
24000094
24000095
24000096
24000097
24000098
24000099
24000100
24000101
24000102
24000103
24000104
24000105
24000106
24000107
24000108
24000109
24000110
24000111
24000112
24000113
24000114
24000115
24000116
24000117
24000118
24000119
24000120
24000121
24000122
24000123
24000124
24000125
24000126
24000127
24000128
24000129
24000130
24000131
24000132
24000133
24000134
24000135
24000136
24000137
24000138
24000139
24000140
24000141
24000142
24000143
24000144
24000145
24000146
24000147
24000148
24000149
24000150
24000151
24000152
24000153
24000154
24000155
24000156
24000157
24000158
24000159
24000160
24000161
24000162
24000163
24000164
24000165
24000166
24000167
24000168
24000169
24000170
24000171
24000172
24000173
24000174
24000175
24000176
24000177
24000178
24000179
24000180
24000181
24000182
24000183
24000184
24000185
24000186
24000187
24000188
24000189
24000190
24000191
24000192
24000193
24000194
24000195
24000196
24000197
24000198
24000199
24000200
24000201
24000202
24000203
24000204
24000205
24000206
24000207
24000208
24000209
24000210
24000211
24000212
24000213
24000214
24000215
24000216
24000217
24000218
24000219
24000220
24000221
24000222
24000223
24000224
24000225
24000226
24000227
24000228
24000229
24000230
24000231
24000232
24000233
24000234
24000235
24000236
24000237
24000238
24000239
24000240
24000241
24000242
24000243
24000244
24000245
24000246
24000247
24000248
24000249
24000250
24000251
24000252
24000253
24000254
24000255
24000256
24000257
24000258
24000259
24000260
24000261
24000262
24000263
24000264
24000265
24000266
24000267
25000001
25000002
25000003
25000004
25000005
25000006
25000007
25000008
25000009
25000010
25000011
25000012
25000013
25000014
25000015
25000016
25000017
25000018
25000019
25000020
25000021
25000022
25000023
25000024
25000025
25000026
25000027
25000028
25000029
25000030
25000031
25000032
25000033
25000034
25000035
25000036
25000037
25000038
25000039
25000040
25000041
25000042
25000043
25000044
25000045
25000046
25000047
25000048
25000049
25000050
25000051
25000052
25000053
25000054
25000055
25000056
25000057
25000058
25000059
25000060
25000061
25000062
25000063
25000064
25000065
25000066
25000067
25000068
25000069
25000070
25000071
25000072
25000073
26000001
26000002
26000003
26000004
26000005
26000006
26000007
26000008
26000009
26000010
26000011
26000012
26000013
26000014
26000015
26000016
26000017
26000018
26000019
26000020
26000021
26000022
26000023
26000024
26000025
26000026
26000027
26000028
26000029
26000030
26000031
26000032
26000033
26000034
26000035
26000036
26000037
26000038
26000039
26000040
26000041
26000042
26000043
26000044
26000045
26000046
26000047
26000048
26000049
26000050
26000051
26000052
26000053
26000054
26000055
26000056
26000057
26000058
26000059
26000060
26000061
26000062
26000063
26000064
26000065
26000066
26000067
26000068
26000069
26000070
26000071
26000072
26000073
26000074
26000075
26000076
26000077
26000078
26000079
26000080
26000081
26000082
26000083
26000084
26000085
26000086
26000087
26000088
26000089
26000090
26000091
26000092
26000093
26000094
26000095
26000096
26000097
26000098
26000099
26000100
26000101
26000102
26000103
26000104
26000105
26000106
26000107
26000108
26000109
26000110
26000111
26000112
26000113
26000114
26000115
26000116
26000117
26000118
26000119
26000120
26000121
26000122
26000123
26000124
26000125
26000126
26000127
26000128
26000129
26000130
26000131
26000132
26000133
26000134
26000135
26000136
26000137
26000138
26000139
26000140
26000141
26000142
26000143
26000144
26000145
26000146
26000147
26000148
26000149
26000150
26000151
26000152
26000153
26000154
26000155
26000156
26000157
26000158
26000159
26000160
26000161
26000162
26000163
26000164
26000165
26000166
26000167
26000168
26000169
26000170
26000171
26000172
26000173
26000174
26000175
26000176
26000177
26000178
26000179
26000180
26000181
26000182
26000183
26000184
26000185
26000186
26000187
26000188
26000189
26000190
26000191
26000192
26000193
26000194
26000195
26000196
26000197
26000198
26000199
26000200
26000201
26000202
26000203
26000204
26000205
26000206
26000207
26000208
26000209
26000210
26000211
26000212
26000213
26000214
26000215
26000216
26000217
26000218
26000219
26000220
26000221
26000222
26000223
26000224
26000225
26000226
26000227
26000228
26000229
26000230
26000231
26000232
26000233
26000234
26000235
26000236
26000237
26000238
26000239
26000240
26000241
26000242
26000243
26000244
26000245
26000246
26000247
26000248
26000249
26000250
26000251
26000252
26000253
26000254
26000255
26000256
26000257
26000258
26000259
26000260
26000261
26000262
26000263
26000264
26000265
26000266
26000267
26000268
26000269
26000270
26000271
26000272
26000273
26000274
26000275
26000276
26000277
26000278
26000279
26000280
26000281
26000282
26000283
26000284
26000285
26000286
26000287
26000288
26000289
26000290
26000291
26000292
26000293
26000294
26000295
26000296
26000297
26000298
26000299
26000300
26000301
26000302
26000303
26000304
26000305
26000306
26000307
26000308
26000309
26000310
26000311
26000312
26000313
26000314
26000315
26000316
26000317
26000318
26000319
26000320
26000321
26000322
26000323
26000324
26000325
26000326
26000327
26000328
26000329
26000330
26000331
26000332
26000333
26000334
26000335
26000336
26000337
26000338
26000339
26000340
26000341
26000342
26000343
26000344
26000345
26000346
26000347
26000348
26000349
26000350
26000351
26000352
26000353
26000354
26000355
26000356
26000357
26000358
26000359
26000360
26000361
27000001
27000002
27000003
27000004
27000005
27000006
27000007
27000008
27000009
27000010
27000011
27000012
27000013
27000014
27000015
27000068
27000069
27000070
27000071
27000072
27000073
27000074
27000075
27000076
27000077
27000078
27000079
27000080
27000081
27000082
27000083
27000084
27000085
27000086
27000087
27000088
27000089
27000090
27000091
27000092
27000093
27000094
27000095
27000096
27000097
27000098
27000099
27000100
27000101
27000102
27000103
27000104
27000105
27000106
27000107
27000108
27000109
27000110
27000111
27000112
27000113
27000114
27000115
27000116
27000117
27000118
27000119
27000120
27000121
27000122
27000123
27000124
27000125
27000126
27000127
27000128
27000129
27000130
27000131
27000132
27000133
27000134
27000135
27000136
27000137
27000138
27000139
27000140
27000141
27000142
27000143
27000144
27000145
27000146
27000147
27000148
28000001
28000002
28000003
28000004
28000005
28000006
28000007
28000008
28000009
28000010
28000011
28000012
28000013
28000014
28000015
28000016
28000017
28000018
28000019
28000020
28000021
28000022
28000023
28000024
28000025
28000026
28000027
28000028
28000029
28000030
28000031
28000032
28000033
28000034
28000035
28000036
28000037
28000038
28000039
28000040
28000041
28000042
28000043
28000044
28000045
28000046
28000047
28000048
28000049
28000050
28000051
28000052
28000053
28000054
28000055
28000056
28000057
28000058
28000059
28000060
28000061
28000062
28000063
28000064
28000065
28000066
28000067
28000068
28000069
28000070
28000071
28000072
28000073
28000074
28000075
28000076
28000077
28000078
28000079
28000080
28000081
28000082
28000083
28000084
28000085
28000086
28000087
28000088
28000089
28000090
28000091
28000092
28000093
28000094
28000095
28000096
28000097
28000098
28000099
28000100
28000101
28000102
28000103
28000104
28000105
28000106
28000107
28000108
28000109
28000110
28000111
28000112
28000113
28000114
28000115
28000116
28000117
28000118
28000119
28000120
28000121
28000122
28000123
28000124
28000125
28000126
28000127
28000128
28000129
28000130
28000131
28000132
28000133
28000134
28000135
28000136
28000137
28000138
28000139
28000140
28000141
28000142
28000143
28000144
28000145
28000146
28000147
28000148
28000149
28000150
28000151
28000152
28000153
28000154
28000155
28000156
28000157
28000158
28000159
28000160
28000161
28000162
28000163
28000164
28000165
28000166
28000167
28000168
28000169
28000170
28000171
28000172
28000173
29000001
29000002
29000003
29000004
29000005
29000006
29000007
29000008
29000009
29000010
29000011
29000012
29000013
29000014
29000015
29000016
29000017
29000018
29000019
29000020
29000021
29000022
29000023
29000024
29000025
29000026
29000027
29000028
29000029
29000030
29000031
29000032
29000033
29000034
29000035
29000036
29000037
29000038
29000039
29000040
29000041
29000042
29000043
29000044
29000045
29000046
29000047
29000048
29000049
29000050
29000051
29000052
29000053
29000054
29000055
29000056
29000057
29000058
29000059
29000060
29000061
29000062
29000063
29000064
29000065
29000066
29000067
29000068
29000069
29000070
29000071
29000072
29000073
29000074
29000075
29000076
29000077
29000078
29000079
29000080
29000081
29000082
29000083
29000084
29000085
29000086
29000087
29000088
29000089
29000090
29000091
29000092
29000093
29000094
29000095
29000096
29000097
29000098
29000099
29000100
29000101
29000102
29000103
29000104
29000105
29000106
29000107
29000108
29000109
29000110
29000111
29000112
29000113
29000114
29000115
29000116
29000117
29000118
29000119
29000120
29000121
29000122
29000123
29000124
29000125
29000126
29000127
29000128
29000129
29000130
29000131
29000132
29000133
29000134
29000135
29000136
29000137
29000138
29000139
29000140
29000141
29000142
29000143
29000144
29000145
29000146
29000147
29000148
29000149
29000150
29000151
29000152
29000153
29000154
29000155
29000156
29000157
29000158
29000159
29000160
29000161
29000162
29000163
29000164
29000165
29000166
29000167
29000168
29000169
29000170
29000171
29000172
29000173
29000174
29000175
29000176
29000177
29000178
29000179
29000180
29000181
29000182
29000183
29000184
29000185
29000186
29000187
29000188
29000189
29000190
29000191
29000192
29000193
29000194
29000195
29000196
29000197
29000198
29000199
29000200
29000201
29000202
29000203
29000204
29000205
29000206
29000207
30000001
30000002
30000003
30000004
30000005
30000006
30000007
30000008
30000009
3000001
30000010
30000011
30000012
30000013
30000014
30000015
30000016
30000017
30000018
30000019
3000002
30000020
30000021
30000022
30000023
30000024
30000025
30000026
30000027
30000028
30000029
3000003
30000030
30000031
30000032
30000033
30000034
30000035
30000036
30000037
30000038
30000039
3000004
30000040
30000041
30000042
30000043
30000044
30000045
30000046
30000047
30000048
30000049
3000005
30000050
30000051
30000052
30000053
30000054
30000055
30000056
30000057
30000058
30000059
3000006
30000060
30000061
30000062
30000063
30000064
30000065
30000066
30000067
30000068
30000069
3000007
30000070
30000071
30000072
30000073
30000074
30000075
30000076
30000077
30000078
30000079
3000008
30000080
30000081
30000082
30000083
30000084
30000085
30000086
30000087
30000088
30000089
3000009
30000090
30000091
30000092
30000093
30000094
30000095
30000096
30000097
30000098
30000099
3000010
30000100
30000101
30000102
30000103
30000104
30000105
30000106
30000107
30000108
30000109
3000011
30000110
30000111
30000112
30000113
30000114
30000115
30000116
30000117
30000118
30000119
3000012
30000120
30000121
30000122
30000123
30000124
30000125
30000126
30000127
30000128
30000129
3000013
30000130
30000131
30000132
30000133
30000134
30000135
30000136
30000137
30000138
30000139
3000014
30000140
30000141
30000142
30000143
30000144
30000145
30000146
30000147
30000148
30000149
3000015
30000150
30000151
30000152
30000153
30000154
30000155
30000156
30000157
30000158
30000159
3000016
30000160
30000161
30000162
30000163
30000164
30000165
30000166
30000167
30000168
30000169
3000017
30000170
30000171
30000172
30000173
30000174
30000175
30000176
30000177
30000178
30000179
3000018
30000180
30000181
30000182
30000183
30000184
30000185
30000186
30000187
30000188
30000189
3000019
30000190
30000191
30000192
30000193
30000194
30000195
30000196
30000197
30000198
30000199
3000020
30000200
30000201
30000202
30000203
30000204
30000205
30000206
30000207
30000208
30000209
3000021
30000210
30000211
30000212
30000213
30000214
30000215
30000216
30000217
30000218
30000219
3000022
30000220
30000221
30000222
30000223
30000224
30000225
30000226
30000227
30000228
30000229
3000023
30000230
30000231
30000232
30000233
30000234
30000235
30000236
30000237
30000238
30000239
3000024
30000240
30000241
30000242
30000243
30000244
30000245
30000246
30000247
30000248
30000249
3000025
30000250
30000251
30000252
30000253
30000254
30000255
30000256
30000257
30000258
30000259
3000026
30000260
30000261
30000262
30000263
30000264
30000265
30000266
30000267
30000268
30000269
3000027
30000270
30000271
30000272
30000273
30000274
30000275
30000276
30000277
30000278
30000279
3000028
30000280
30000281
30000282
30000283
30000284
30000285
30000286
30000287
30000288
30000289
3000029
30000290
30000291
30000292
30000293
30000294
30000295
30000296
30000297
30000298
30000299
3000030
30000300
30000301
30000302
30000303
30000304
30000305
30000306
30000307
30000308
30000309
3000031
30000310
30000311
30000312
30000313
30000314
30000315
30000316
30000317
30000318
30000319
3000032
30000320
30000321
30000322
30000323
30000324
30000325
30000326
30000327
30000328
30000329
3000033
30000330
30000331
30000332
30000333
30000334
30000335
30000336
30000337
30000338
30000339
3000034
30000340
30000341
30000342
30000343
30000344
30000345
30000346
30000347
30000348
30000349
3000035
30000350
30000351
30000352
30000353
30000354
30000355
30000356
30000357
30000358
30000359
3000036
30000360
30000361
30000362
30000363
30000364
30000365
30000366
30000367
30000368
30000369
3000037
30000370
30000371
30000372
30000373
30000374
30000375
30000376
30000377
30000378
30000379
3000038
30000380
30000381
30000382
30000383
30000384
30000385
30000386
30000387
30000388
30000389
3000039
30000390
30000391
30000392
30000393
30000394
30000395
30000396
30000397
30000398
30000399
3000040
30000400
30000401
30000402
30000403
30000404
30000405
30000406
30000407
30000408
30000409
3000041
30000410
30000411
30000412
30000413
30000414
30000415
30000416
30000417
30000418
30000419
3000042
30000420
30000421
30000422
30000423
30000424
30000425
30000426
30000427
30000428
30000429
3000043
30000430
30000431
30000432
30000433
30000434
30000435
30000436
30000437
30000438
30000439
3000044
30000440
30000441
30000442
30000443
30000444
30000445
30000446
30000447
30000448
30000449
3000045
30000450
30000451
30000452
30000453
30000454
30000455
30000456
30000457
30000458
30000459
3000046
30000460
30000461
30000462
30000463
30000464
30000465
30000466
30000467
30000468
30000469
3000047
30000470
30000471
30000472
30000473
30000474
30000475
30000476
30000477
30000478
30000479
3000048
30000480
30000481
30000482
30000483
30000484
30000485
30000486
30000487
30000488
30000489
3000049
30000490
30000491
30000492
30000493
30000494
30000495
30000496
30000497
30000498
30000499
3000050
30000500
30000501
30000502
30000503
30000504
30000505
30000506
30000507
30000508
30000509
3000051
30000510
30000511
30000512
30000513
30000514
30000515
30000516
30000517
30000518
30000519
3000052
30000520
30000521
30000522
30000523
30000524
30000525
30000526
30000527
30000528
30000529
3000053
30000530
30000531
30000532
30000533
30000534
30000535
30000536
30000537
30000538
30000539
3000054
30000540
30000541
30000542
30000543
30000544
30000545
30000546
30000547
30000548
30000549
3000055
30000550
30000551
30000552
30000553
30000554
30000555
30000556
30000557
30000558
30000559
3000056
30000560
30000561
30000562
30000563
30000564
30000565
30000566
30000567
30000568
30000569
3000057
30000570
30000571
30000572
30000573
30000574
30000575
30000576
30000577
30000578
30000579
3000058
30000580
30000581
30000582
30000583
30000584
30000585
30000586
30000587
30000588
30000589
3000059
30000590
30000591
30000592
30000593
30000594
30000595
30000596
30000597
30000598
30000599
3000060
30000600
30000601
30000602
30000603
30000604
30000605
30000606
30000607
30000608
30000609
3000061
30000610
30000611
30000612
30000613
30000614
30000615
30000616
30000617
30000618
30000619
3000062
30000620
30000621
30000622
30000623
30000624
30000625
30000626
30000627
30000628
30000629
3000063
30000630
30000631
30000632
30000633
30000634
30000635
30000636
30000637
30000638
30000639
3000064
30000640
30000641
30000642
30000643
30000644
30000645
30000646
30000647
30000648
30000649
3000065
30000650
30000651
30000652
30000653
30000654
30000655
30000656
30000657
30000658
30000659
3000066
30000660
30000661
30000662
30000663
30000664
30000665
30000666
30000667
30000668
30000669
3000067
30000670
30000671
30000672
30000673
30000674
30000675
30000676
30000677
30000678
30000679
3000068
30000680
30000681
30000682
30000683
30000684
30000685
30000686
30000687
30000688
30000689
3000069
30000690
30000691
30000692
30000693
30000694
30000695
30000696
30000697
30000698
30000699
3000070
30000700
30000701
30000702
30000703
30000704
30000705
30000706
30000707
30000708
30000709
3000071
30000710
30000711
30000712
30000713
30000714
30000715
30000716
30000717
30000718
30000719
3000072
30000720
30000721
30000722
30000723
30000724
30000725
30000726
30000727
30000728
30000729
3000073
30000730
30000731
30000732
30000733
30000734
30000735
30000736
30000737
30000738
30000739
3000074
30000740
30000741
30000742
30000743
30000744
30000745
30000746
30000747
30000748
30000749
3000075
30000750
30000751
30000752
30000753
30000754
30000755
30000756
30000757
30000758
30000759
3000076
30000760
30000761
3000077
3000078
3000079
3000080
3000081
3000082
3000083
3000084
3000085
3000086
3000087
3000088
3000089
3000090
3000091
3000092
3000093
3000094
3000095
3000096
3000097
3000098
3000099
3000100
3000101
3000102
3000103
3000104
3000105
3000106
3000107
3000108
3000109
3000110
3000111
3000112
3000113
3000114
3000115
3000116
3000117
3000118
3000119
3000120
3000121
3000122
3000123
3000124
3000125
3000126
3000127
3000128
3000129
3000130
3000131
3000132
3000133
3000134
3000135
3000136
3000137
3000138
3000139
